0.00555610656738
0.00455594062805
0.00651097297668
0.00250005722046
0.00253200531006
0.00247693061829
0.00261998176575
0.00326299667358
0.00336003303528
0.00334596633911
0.0033848285675
0.0028510093689
0.00278902053833
0.00291800498962
0.00293898582458
0.00292897224426
0.00270915031433
0.00265312194824
0.00257897377014
0.00257897377014
0.00303888320923
0.0029730796814
0.00286602973938
0.00286817550659
0.00285005569458
0.0030460357666
0.00274395942688
0.00320315361023
0.0029571056366
0.0029411315918
0.00279498100281
0.0029399394989
0.00297880172729
0.00299310684204
0.00293397903442
0.0029730796814
0.00297784805298
0.00336003303528
0.00309991836548
0.00701403617859
0.00690197944641
0.00710821151733
0.00285887718201
0.0028178691864
0.00308704376221
0.00277400016785
0.00304007530212
0.00301313400269
0.00345396995544
0.00345683097839
0.00294494628906
0.0029149055481
0.00287508964539
0.00293397903442
0.00286197662354
0.00289177894592
0.00340509414673
0.00336718559265
0.00447988510132
0.00336503982544
0.00287699699402
0.00291109085083
0.00318193435669
0.0027859210968
0.00291299819946
0.0022029876709
0.00254917144775
0.0041401386261
0.00223207473755
0.00287294387817
0.00302410125732
0.00305700302124
0.00275206565857
0.00274610519409
0.00277900695801
0.00275707244873
0.00287294387817
0.00268888473511
0.00283694267273
0.00279092788696
0.00287985801697
0.00298500061035
0.00319600105286
0.00314283370972
0.00693392753601
0.00652003288269
0.00399780273438
0.002690076828
0.00269603729248
0.004154920578
0.00417613983154
0.00312113761902
0.00317811965942
0.0027871131897
0.00326800346375
0.00290393829346
0.0027289390564
0.00267791748047
0.00465297698975
0.00256586074829
0.00196099281311
0.00289607048035
0.00295495986938
0.00276303291321
0.00274610519409
0.00334596633911
0.00331997871399
0.00308799743652
0.00301790237427
0.00295805931091
0.00292611122131
0.00412702560425
0.00472187995911
0.00439596176147
0.00304293632507
0.00329208374023
0.00299000740051
0.00301384925842
0.00220012664795
0.00212597846985
0.00330185890198
0.0032970905304
0.00333881378174
0.00332307815552
0.00328302383423
0.00282192230225
0.00276803970337
0.00409317016602
0.00381398200989
0.00235795974731
0.00194811820984
0.00275278091431
0.0028829574585
0.00693321228027
0.00695705413818
0.00592708587646
0.00587105751038
0.00301194190979
0.0030369758606
0.00763010978699
0.00739598274231
0.00228714942932
0.00220108032227
0.00237703323364
0.00237989425659
0.00260210037231
0.00261092185974
0.00260901451111
0.00262904167175
0.00248885154724
0.00272703170776
0.00269198417664
0.00280404090881
0.00274705886841
0.0032811164856
0.00327801704407
0.00560092926025
0.00588989257812
0.0029890537262
0.00285506248474
0.00338888168335
0.00323104858398
0.00280094146729
0.00290203094482
0.00413012504578
0.00406408309937
0.00498795509338
0.00510811805725
0.00496315956116
0.00475382804871
0.00459814071655
0.00494122505188
0.00494289398193
0.0049409866333
0.00494599342346
0.00502490997314
0.00499510765076
0.00460600852966
0.0042450428009
0.00269293785095
0.00289797782898
0.00554704666138
0.00275206565857
0.00268912315369
0.00290203094482
0.00284814834595
0.00296902656555
0.0029239654541
0.00493788719177
0.00392508506775
0.00344800949097
0.00292015075684
0.00296998023987
0.00297784805298
0.00295305252075
0.00294494628906
0.00291800498962
0.00463795661926
0.00464701652527
0.00393605232239
0.0039050579071
0.00288796424866
0.00283193588257
0.00288105010986
0.00269293785095
0.0026421546936
0.0028510093689
0.00284004211426
0.00286912918091
0.00356101989746
0.00353407859802
0.00216507911682
0.00226902961731
0.00225901603699
0.00224304199219
0.00324106216431
0.00328207015991
0.00746512413025
0.00682306289673
0.00302696228027
0.00303292274475
0.00236511230469
0.00239896774292
0.00350117683411
0.00344109535217
0.00348901748657
0.00313901901245
0.00341701507568
0.00269889831543
0.00295400619507
0.00284099578857
0.00283718109131
0.00377988815308
0.00293707847595
0.00246715545654
0.00324988365173
0.00319409370422
0.00296497344971
0.00293302536011
0.00280094146729
0.00280785560608
0.0046079158783
0.00456190109253
0.00284099578857
0.00281310081482
0.00283789634705
0.00261902809143
0.00257015228271
0.00255680084229
0.00268888473511
0.00370597839355
0.00355100631714
0.00352001190186
0.00735187530518
0.00681900978088
0.00321507453918
0.00305509567261
0.00359892845154
0.00360298156738
0.0037100315094
0.00368499755859
0.003005027771
0.00295281410217
0.00294899940491
0.00297904014587
0.0029308795929
0.00317120552063
0.00326585769653
0.00283408164978
0.00285315513611
0.00201201438904
0.00576782226562
0.00287508964539
0.00280594825745
0.00233793258667
0.00520396232605
0.00496411323547
0.00263690948486
0.00358510017395
0.0035388469696
0.00462603569031
0.00497007369995
0.00402188301086
0.00400590896606
0.00402903556824
0.00252485275269
0.00249600410461
0.00299501419067
0.00296401977539
0.00409197807312
0.00410985946655
0.00408291816711
0.00406813621521
0.00402092933655
0.00402188301086
0.00324702262878
0.00299096107483
0.00268912315369
0.00286507606506
0.00281405448914
0.00289297103882
0.00281596183777
0.00279998779297
0.00277209281921
0.0027449131012
0.00226497650146
0.00223803520203
0.00215101242065
0.00216507911682
0.00305390357971
0.00306606292725
0.00345993041992
0.00258302688599
0.00464606285095
0.0028350353241
0.00302410125732
0.00305700302124
0.00302696228027
0.00284194946289
0.00287985801697
0.0029079914093
0.0029468536377
0.00249695777893
0.00248885154724
0.0043420791626
0.00322008132935
0.00294613838196
0.00356101989746
0.00301599502563
0.00316190719604
0.00297689437866
0.00377511978149
0.00573992729187
0.0057098865509
0.0038001537323
0.00406002998352
0.00407290458679
0.0040500164032
0.00462198257446
0.00465488433838
0.00297403335571
0.00321507453918
0.00513195991516
0.00410509109497
0.00497698783875
0.0049889087677
0.00274801254272
0.0027220249176
0.0027220249176
0.00416016578674
0.00409197807312
0.00321102142334
0.00311708450317
0.00313282012939
0.00327205657959
0.00642013549805
0.00634503364563
0.00634980201721
0.00635695457458
0.00296807289124
0.00297403335571
0.00287890434265
0.00291299819946
0.0031840801239
0.00224781036377
0.00286602973938
0.00303411483765
0.00297808647156
0.00304508209229
0.00305795669556
0.00432300567627
0.00322985649109
0.00359892845154
0.00261807441711
0.00240302085876
0.00240898132324
0.00204586982727
0.00206398963928
0.00240421295166
0.00238800048828
0.00762295722961
0.00700712203979
0.00807189941406
0.00909185409546
0.00223016738892
0.00216794013977
0.00637888908386
0.00275301933289
0.00234603881836
0.00232601165771
0.00256705284119
0.00258207321167
0.00696206092834
0.00651812553406
0.00225114822388
0.00229811668396
0.002366065979
0.0023398399353
0.00240302085876
0.00239491462708
0.0028440952301
0.00280785560608
0.00341606140137
0.00267791748047
0.00270819664001
0.00268816947937
0.00273513793945
0.00290489196777
0.00287985801697
0.00273084640503
0.00270795822144
0.00240993499756
0.00292205810547
0.00665903091431
0.00341582298279
0.00330305099487
0.0034499168396
0.00728511810303
0.00716114044189
0.00375199317932
0.00377011299133
0.00733590126038
0.0046980381012
0.0045371055603
0.00459098815918
0.00604796409607
0.00297117233276
0.0029981136322
0.00436091423035
0.00425696372986
0.00295400619507
0.00369906425476
0.00407600402832
0.00191807746887
0.00749897956848
0.00747299194336
0.0028760433197
0.00252485275269
0.00247001647949
0.00377678871155
0.00383996963501
0.00375294685364
0.0026330947876
0.00263786315918
0.00379610061646
0.00366806983948
0.00257802009583
0.00255608558655
0.00286102294922
