0.014995098114
0.0162260532379
0.00331592559814
0.000478029251099
0.000472068786621
0.000468969345093
0.000488042831421
0.000461101531982
0.000452995300293
0.000458955764771
0.000471115112305
0.000463962554932
0.000478982925415
0.000478982925415
0.000457048416138
0.000468969345093
0.000495910644531
0.000533103942871
0.000530958175659
0.000537872314453
0.00052809715271
0.000727891921997
0.00043797492981
0.000486850738525
0.000516891479492
0.000521898269653
0.000534057617188
0.000470161437988
0.00049901008606
0.000511169433594
0.000452995300293
0.000442028045654
0.000475883483887
0.000478029251099
0.00047492980957
0.000475883483887
0.00043797492981
0.000502824783325
0.00050687789917
0.00236821174622
0.00228190422058
0.00227904319763
0.000450134277344
0.00051212310791
0.00100183486938
0.00101494789124
0.000509977340698
0.00049090385437
0.000491857528687
0.00049901008606
0.000502109527588
0.000507831573486
0.000504016876221
0.000470161437988
0.000525951385498
0.000494956970215
0.000470876693726
0.000527143478394
0.000504970550537
0.000507116317749
0.000504970550537
0.000496864318848
0.000511169433594
0.000498056411743
0.000432014465332
0.000475168228149
0.000479221343994
0.000491857528687
0.000503063201904
0.00046706199646
0.000458002090454
0.000475883483887
0.000571966171265
0.000561952590942
0.00049901008606
0.000524044036865
0.000518798828125
0.00049901008606
0.000513076782227
0.000513076782227
0.00052809715271
0.000529050827026
0.000513792037964
0.000515937805176
0.000601053237915
0.000582933425903
0.000598907470703
0.000506162643433
0.000500917434692
0.00196003913879
0.00196409225464
0.000502109527588
0.000955820083618
0.000945091247559
0.00094199180603
0.000910997390747
0.000599145889282
0.000591993331909
0.000639200210571
0.000504016876221
0.000499963760376
0.000709056854248
0.000699996948242
0.000517845153809
0.000517129898071
0.000864028930664
0.00089693069458
0.000505924224854
0.00049614906311
0.000524997711182
0.000479221343994
0.000792980194092
0.000951051712036
0.000942945480347
0.000501155853271
0.000494003295898
0.000500917434692
0.000503063201904
0.00052809715271
0.000473022460938
0.000540971755981
0.000519037246704
0.000515937805176
0.000499963760376
0.000504016876221
0.000591993331909
0.00055980682373
0.00169205665588
0.00163292884827
0.000491142272949
0.000460147857666
0.000488996505737
0.00051212310791
0.00231313705444
0.00234794616699
0.00195503234863
0.00196099281311
0.000571966171265
0.000556945800781
0.000520944595337
0.000517129898071
0.00049901008606
0.000497102737427
0.000489950180054
0.000491142272949
0.000483989715576
0.000486135482788
0.000458955764771
0.000545024871826
0.000516176223755
0.000515937805176
0.000524044036865
0.000513076782227
0.00051212310791
0.000532865524292
0.000536203384399
0.00233507156372
0.00232601165771
0.000508069992065
0.000501871109009
0.000491857528687
0.000491857528687
0.000454902648926
0.000488996505737
0.000576019287109
0.000572919845581
0.0019428730011
0.00194382667542
0.00192904472351
0.00192308425903
0.00190901756287
0.00190687179565
0.0019052028656
0.00224709510803
0.00194597244263
0.00190997123718
0.00193810462952
0.00185918807983
0.00195908546448
0.000669002532959
0.000649929046631
0.000593185424805
0.000475883483887
0.000425100326538
0.000516176223755
0.000527858734131
0.000477075576782
0.000496864318848
0.00197196006775
0.00198292732239
0.000524997711182
0.000519990921021
0.000524997711182
0.000468969345093
0.000511884689331
0.00121188163757
0.00113916397095
0.00206112861633
0.00196003913879
0.00195002555847
0.00194001197815
0.000490188598633
0.000475883483887
0.000491142272949
0.000521898269653
0.000566005706787
0.000553846359253
0.000596046447754
0.000524044036865
0.000748872756958
0.000701904296875
0.000420093536377
0.00046706199646
0.0003981590271
0.000468969345093
0.000700950622559
0.000671148300171
0.000486850738525
0.000416994094849
0.000411987304688
0.000416040420532
0.000442028045654
0.000385046005249
0.000417947769165
0.000410079956055
0.000414848327637
0.000463008880615
0.000358819961548
0.000406980514526
0.000383853912354
0.000495910644531
0.000471115112305
0.000618934631348
0.000465154647827
0.000492095947266
0.000898122787476
0.000903844833374
0.000455141067505
0.000447988510132
0.000468969345093
0.000427007675171
0.000930070877075
0.000876903533936
0.000444889068604
0.000478982925415
0.000443935394287
0.000460147857666
0.000431060791016
0.000494003295898
0.000504016876221
0.00091290473938
0.000520944595337
0.000518798828125
0.000516891479492
0.000502109527588
0.00168800354004
0.000620126724243
0.000943183898926
0.000952959060669
0.000646114349365
0.000657081604004
0.000531911849976
0.000523090362549
0.00049901008606
0.000498056411743
0.000504970550537
0.000531911849976
0.00052809715271
0.000502824783325
0.000505924224854
0.000516891479492
0.00200891494751
0.00807595252991
0.007817029953
0.000539064407349
0.000499963760376
0.000509977340698
0.000540018081665
0.000834941864014
0.000779867172241
0.000766038894653
0.000802993774414
0.000831842422485
0.000822067260742
0.000800132751465
0.000497102737427
0.000507116317749
0.000556945800781
0.000565052032471
0.000823020935059
0.000788927078247
0.000815153121948
0.000813007354736
0.000805854797363
0.000801086425781
0.000541925430298
0.00053596496582
0.000535011291504
0.000509023666382
0.000465869903564
0.000519037246704
0.000566005706787
0.000561952590942
0.000554800033569
0.000555992126465
0.000555992126465
0.000550985336304
0.000730991363525
0.000694036483765
0.000533103942871
0.000523805618286
0.000521898269653
0.000519990921021
0.00052809715271
0.000539064407349
0.000517129898071
0.000514984130859
0.000523090362549
0.000524044036865
0.000527858734131
0.000515937805176
0.000523090362549
0.000554084777832
0.00054407119751
0.000631093978882
0.000620126724243
0.00061297416687
0.000642061233521
0.000634908676147
0.000652074813843
0.000576019287109
0.000543117523193
0.00195693969727
0.0022189617157
0.00201010704041
0.00194382667542
0.00197196006775
0.00196719169617
0.000931024551392
0.000927925109863
0.000899076461792
0.000899076461792
0.00107407569885
0.00104904174805
0.00105905532837
0.00105285644531
0.000493049621582
0.000488996505737
0.000481128692627
0.000722885131836
0.000691175460815
0.000648021697998
0.000643968582153
0.000630855560303
0.000638961791992
0.00284314155579
0.0027859210968
0.00274014472961
0.00269412994385
0.000565052032471
0.000586032867432
0.000563859939575
0.000569105148315
0.000683069229126
0.000671148300171
0.000571012496948
0.000519990921021
0.000509023666382
0.000509023666382
0.000491857528687
0.00050687789917
0.000497102737427
0.000503063201904
0.000482082366943
0.000611066818237
0.00062108039856
0.000509977340698
0.000513076782227
0.000620126724243
0.000602960586548
0.0034601688385
0.00340914726257
0.0034019947052
0.00317788124084
0.000477075576782
0.000478029251099
0.000449895858765
0.000560998916626
0.000540971755981
0.000534057617188
0.000568866729736
0.00052809715271
0.000497102737427
0.000466108322144
0.000532865524292
0.000531911849976
0.000530958175659
0.000534057617188
0.000494956970215
0.000494956970215
0.000525951385498
0.000488042831421
0.000516891479492
0.000514030456543
0.000524044036865
0.000537157058716
0.000523805618286
0.000523090362549
0.000508069992065
0.000530958175659
0.000518798828125
0.000538110733032
0.000530004501343
0.000468015670776
0.000533103942871
0.000535011291504
0.000545024871826
0.000461101531982
0.000493049621582
0.000612020492554
0.000626802444458
0.00344800949097
0.00339603424072
0.00138902664185
0.00133800506592
0.00199913978577
0.000502109527588
0.000494956970215
0.000509977340698
0.000502109527588
0.000502824783325
0.000518083572388
0.000524044036865
0.000483989715576
0.00337314605713
0.00339484214783
0.00116896629333
0.000531196594238
0.000515937805176
0.00332999229431
0.000648021697998
0.000630140304565
0.000482082366943
0.000474214553833
0.000547170639038
0.000546932220459
0.000517845153809
0.000505924224854
0.000514984130859
