0.249620914459
0.245698928833
0.165229082108
0.00239896774292
0.0023980140686
0.00298285484314
0.00292491912842
0.00345897674561
0.00345206260681
0.00343203544617
0.00340700149536
0.003005027771
0.00301599502563
0.00322198867798
0.00323510169983
0.00322985649109
0.00291299819946
0.00290298461914
0.00283885002136
0.00283002853394
0.00311398506165
0.00308704376221
0.00330996513367
0.00327801704407
0.00332999229431
0.00328397750854
0.0033130645752
0.00336599349976
0.00335597991943
0.00329518318176
0.00329184532166
0.0033860206604
0.00333404541016
0.00350785255432
0.00339102745056
0.00331211090088
0.00346803665161
0.00390315055847
0.00384712219238
0.00391387939453
0.00388097763062
0.0038959980011
0.00275802612305
0.00274896621704
0.00330710411072
0.00327801704407
0.00349402427673
0.00347304344177
0.00359511375427
0.00382995605469
0.0031099319458
0.00419092178345
0.00492596626282
0.0031909942627
0.00348305702209
0.00348782539368
0.003751039505
0.00372099876404
0.00371098518372
0.00375318527222
0.00290989875793
0.0028510093689
0.003093957901
0.00275802612305
0.00266313552856
0.00261998176575
0.00255799293518
0.00492715835571
0.00297498703003
0.0039849281311
0.00506186485291
0.00318384170532
0.00395011901855
0.0039119720459
0.00274801254272
0.00287318229675
0.00270581245422
0.00272393226624
0.00494599342346
0.00299501419067
0.00338387489319
0.00303196907043
0.00319981575012
0.00283288955688
0.00600290298462
0.00572609901428
0.00737309455872
0.00271391868591
0.0027859210968
0.00930595397949
0.00931096076965
0.00354814529419
0.00968408584595
0.00949883460999
0.010575056076
0.0106890201569
0.00270104408264
0.00269794464111
0.511070013046
0.0023410320282
0.0022439956665
0.00442218780518
0.00417613983154
0.00265097618103
0.00264191627502
0.00654697418213
0.00629496574402
0.00327897071838
0.00325417518616
0.00307393074036
0.003014087677
0.0081479549408
0.00987100601196
0.0104839801788
0.00312304496765
0.00315093994141
0.0032069683075
0.00318789482117
0.00219988822937
0.00218510627747
0.00315093994141
0.00311613082886
0.00312113761902
0.00309205055237
0.00313115119934
0.00367307662964
0.00360989570618
0.00682878494263
0.00810384750366
0.00226807594299
0.0022349357605
0.00225281715393
0.0030779838562
0.00343918800354
0.00385594367981
0.0367350578308
0.0377950668335
0.00247693061829
0.00262999534607
0.00671815872192
0.00643801689148
0.00223898887634
0.00224804878235
0.00259900093079
0.00263595581055
0.00262498855591
0.00261902809143
0.00257897377014
0.00259900093079
0.00257611274719
0.00263905525208
0.00264692306519
0.00261807441711
0.00257802009583
0.00473284721375
0.00462889671326
0.00312995910645
0.00311589241028
0.00300312042236
0.0030198097229
0.00273704528809
0.00268602371216
0.00275897979736
0.00264191627502
0.00734901428223
0.00608611106873
0.00771617889404
0.00730609893799
0.0658719539642
0.0640559196472
0.063364982605
0.0631139278412
0.0627341270447
0.0627319812775
0.0626831054688
0.0623857975006
0.0631499290466
0.00595903396606
0.00760507583618
0.00380110740662
0.003662109375
0.013533115387
0.00266313552856
0.00269603729248
0.00329613685608
0.0032958984375
0.00310707092285
0.00306701660156
0.00788307189941
0.00830507278442
0.00375986099243
0.00375390052795
0.0037407875061
0.00372910499573
0.00371909141541
0.00509786605835
0.00498580932617
0.0344491004944
0.0368599891663
0.00766205787659
0.00693488121033
0.00277090072632
0.00314593315125
0.0035400390625
0.00290584564209
0.00339388847351
0.00340795516968
0.00343298912048
0.00337600708008
0.00978803634644
0.0100989341736
0.00222611427307
0.00228118896484
0.0022759437561
0.00230193138123
0.00642204284668
0.0062849521637
0.00692391395569
0.00617599487305
0.00273990631104
0.00275683403015
0.0027928352356
0.00276112556458
0.00457906723022
0.00449204444885
0.004558801651
0.0045862197876
0.00457096099854
0.00312685966492
0.00309991836548
0.00260281562805
0.00260496139526
0.00959587097168
0.00369095802307
0.00195288658142
0.00975608825684
0.0107350349426
0.00341105461121
0.00340700149536
0.00274419784546
0.0027129650116
0.0112428665161
0.0115599632263
0.00316691398621
0.00315403938293
0.00259208679199
0.00256609916687
0.00273013114929
0.00274300575256
0.00277400016785
0.0109648704529
0.00327014923096
0.00335693359375
0.00681090354919
0.0062620639801
0.00622200965881
0.00291585922241
0.0110199451447
0.0113000869751
0.011561870575
0.0116171836853
0.00394606590271
0.00397205352783
0.00401401519775
0.00401902198792
0.00288391113281
0.00412893295288
0.00411200523376
0.00298190116882
0.00311303138733
0.00225210189819
0.0632309913635
0.00504589080811
0.00592803955078
0.00327587127686
0.00575304031372
0.00548005104065
0.00241994857788
0.00755500793457
0.00729513168335
0.00792217254639
0.00756597518921
0.0076801776886
0.00757312774658
0.00767707824707
0.00269293785095
0.00267004966736
0.00504899024963
0.00473308563232
0.00759315490723
0.00793218612671
0.00795316696167
0.00734901428223
0.00773191452026
0.0073459148407
0.00273489952087
0.00277781486511
0.00307106971741
0.00300478935242
0.00303912162781
0.0029981136322
0.00382804870605
0.00378394126892
0.00371313095093
0.00372219085693
0.00324678421021
0.00318193435669
0.00388193130493
0.00352787971497
0.00427389144897
0.00418901443481
0.00421190261841
0.00423407554626
0.00400114059448
0.00389909744263
0.0041720867157
0.00421118736267
0.00424408912659
0.00396299362183
0.00393104553223
0.00410795211792
0.00401902198792
0.00281310081482
0.00278210639954
0.0595400333405
0.0561649799347
0.0580990314484
0.0565030574799
1.5963280201
1.59593701363
0.004075050354
0.0041720867157
0.0670368671417
0.0620729923248
0.00685906410217
0.00768303871155
0.00703096389771
0.00797891616821
0.00975489616394
0.0113370418549
0.0102779865265
0.010941028595
0.0130379199982
0.0127990245819
0.0130259990692
0.013011932373
0.00233793258667
0.00336909294128
0.00245094299316
0.00421404838562
0.00419783592224
0.00836491584778
0.00711011886597
0.00661492347717
0.00696682929993
0.0116209983826
0.0115427970886
0.0120542049408
0.0123219490051
0.00375413894653
0.00376892089844
0.00371408462524
0.00389385223389
0.00331616401672
0.00326490402222
0.00374007225037
0.0043261051178
0.00424408912659
0.00329613685608
0.00326299667358
0.00306105613708
0.00282597541809
0.00294494628906
0.00264000892639
0.00313091278076
0.00309610366821
0.0021550655365
0.00207710266113
0.00301790237427
0.00298404693604
0.170304059982
0.168060064316
0.166505098343
0.203095197678
0.00248503684998
0.00213289260864
0.327450037003
0.00278615951538
0.00210905075073
0.00208806991577
0.00258111953735
0.00258111953735
3.97975516319
3.97615885735
0.00230503082275
0.00212407112122
0.00215697288513
0.00214886665344
0.00229978561401
0.0022828578949
0.00230503082275
0.0022931098938
0.00286602973938
0.00285315513611
0.0028600692749
0.00290203094482
0.003084897995
0.00388193130493
0.0036518573761
0.00282716751099
0.00286412239075
0.00304102897644
0.00306606292725
0.00676918029785
0.00314497947693
0.00310182571411
0.00317883491516
0.00637197494507
0.00634288787842
0.0042040348053
0.00429487228394
0.169768095016
0.0831160545349
0.0402359962463
0.0410349369049
0.0339720249176
0.00358200073242
0.0033860206604
0.00218486785889
0.00205898284912
0.00252389907837
0.00289583206177
0.00274896621704
0.0023500919342
0.164985895157
0.166910886765
0.00412797927856
0.00338101387024
0.00330495834351
0.00829792022705
0.0108978748322
0.0109751224518
0.00286793708801
0.00260615348816
0.0120210647583
0.0117661952972
0.00262403488159
0.00269889831543
0.00315499305725
